  1.256008742905199E-002  1.275720214843750E-002
  2.512017485810399E-002  1.275659179687500E-002
  3.768026228715598E-002  1.275598144531250E-002
  5.024034971620797E-002  1.275476074218750E-002
  0.125600874290520       1.273889160156250E-002
  0.138160961719572       1.273461914062500E-002
  0.150721049148624       1.273034667968750E-002
  0.163281136577676       1.272607421875000E-002
  0.175841224006728       1.272119140625000E-002
  0.188401311435780       1.271630859375000E-002
  0.200961398864832       1.271081542968750E-002
  0.213521486293884       1.270471191406250E-002
  0.226081573722936       1.269860839843750E-002
  0.238641661151988       1.269250488281250E-002
  0.251201748581040       1.268579101562500E-002
  0.263761836010092       1.267907714843750E-002
  0.276321923439144       1.267236328125000E-002
  0.288882010868196       1.266503906250000E-002
  0.339122360584404       1.263574218750000E-002
  0.351682448013456       1.262841796875000E-002
  0.364242535442508       1.262170410156250E-002
  0.376802622871560       1.261437988281250E-002
  0.389362710300612       1.260766601562500E-002
  0.401922797729664       1.260156250000000E-002
  0.414482885158716       1.259606933593750E-002
  0.427042972587768       1.259179687500000E-002
  0.439603060016820       1.258935546875000E-002
  0.452163147445872       1.258996582031250E-002
  0.464723234874924       1.259423828125000E-002
  0.477283322303976       1.260522460937500E-002
  0.489843409733028       1.235437011718750E-002
  0.502403497162080       1.237512207031250E-002
  0.514963584591132       1.238793945312500E-002
  0.527523672020184       1.239465332031250E-002
  0.540083759449236       1.239831542968750E-002
  0.552643846878288       1.239892578125000E-002
  0.565203934307340       1.239831542968750E-002
  0.577764021736392       1.239648437500000E-002
  0.590324109165444       1.239343261718750E-002
  0.602884196594496       1.238977050781250E-002
  0.615444284023548       1.238549804687500E-002
  0.628004371452600       1.238122558593750E-002
  0.640564458881652       1.237695312500000E-002
  0.653124546310704       1.237207031250000E-002
  0.665684633739756       1.236718750000000E-002
  0.678244721168808       1.236291503906250E-002
  0.690804808597860       1.235864257812500E-002
  0.703364896026912       1.235498046875000E-002
  0.715924983455964       1.235131835937500E-002
  0.728485070885016       1.234887695312500E-002
  0.741045158314068       1.234643554687500E-002
  0.753605245743120       1.234460449218750E-002
  0.766165333172172       1.234338378906250E-002
  0.778725420601224       1.234277343750000E-002
  0.791285508030276       1.234277343750000E-002
  0.803845595459328       1.234338378906250E-002
  0.816405682888380       1.234460449218750E-002
  0.828965770317432       1.234582519531250E-002
  0.841525857746483       1.234826660156250E-002
  0.854085945175535       1.235131835937500E-002
  0.866646032604588       1.235498046875000E-002
  0.879206120033640       1.235864257812500E-002
  0.891766207462692       1.236291503906250E-002
  0.904326294891743       1.236718750000000E-002
  0.916886382320795       1.237145996093750E-002
  0.929446469749847       1.237634277343750E-002
  0.942006557178899       1.238122558593750E-002
  0.954566644607951       1.238549804687500E-002
  0.967126732037004       1.238977050781250E-002
  0.979686819466055       1.239343261718750E-002
  0.992246906895107       1.239648437500000E-002
   1.00480699432416       1.239831542968750E-002
   1.01736708175321       1.239892578125000E-002
   1.02992716918226       1.239831542968750E-002
   1.04248725661132       1.239526367187500E-002
   1.05504734404037       1.238854980468750E-002
   1.06760743146942       1.237634277343750E-002
   1.08016751889847       1.235620117187500E-002
   1.09272760632752       1.260583496093750E-002
   1.10528769375658       1.259484863281250E-002
   1.11784778118563       1.258996582031250E-002
   1.13040786861468       1.258935546875000E-002
   1.14296795604373       1.259179687500000E-002
   1.15552804347278       1.259606933593750E-002
   1.16808813090184       1.260095214843750E-002
   1.18064821833089       1.260705566406250E-002
   1.19320830575994       1.261376953125000E-002
   1.20576839318899       1.262109375000000E-002
   1.21832848061804       1.262841796875000E-002
   1.23088856804710       1.263574218750000E-002
   1.28112891776330       1.266503906250000E-002
   1.29368900519236       1.267175292968750E-002
   1.30624909262141       1.267907714843750E-002
   1.31880918005046       1.268579101562500E-002
   1.33136926747951       1.269189453125000E-002
   1.34392935490856       1.269860839843750E-002
   1.35648944233762       1.270410156250000E-002
   1.36904952976667       1.271020507812500E-002
   1.38160961719572       1.271569824218749E-002
   1.39416970462477       1.272058105468750E-002
   1.40672979205382       1.272607421875000E-002
   1.41928987948288       1.273034667968750E-002
   1.43184996691193       1.273461914062500E-002
   1.44441005434098       1.273828125000000E-002
   1.51977057891529       1.275476074218750E-002
   1.53233066634434       1.275598144531250E-002
   1.54489075377340       1.275659179687500E-002
   1.55745084120245       1.275720214843750E-002
   1.57001092863150       1.275781250000000E-002
   1.58257101606055       1.275720214843750E-002
   1.59513110348960       1.275720214843750E-002
   1.60769119091866       1.275598144531250E-002
   1.62025127834771       1.275476074218750E-002
   1.69561180292202       1.273889160156250E-002
   1.70817189035107       1.273522949218749E-002
   1.72073197778012       1.273095703125000E-002
   1.73329206520918       1.272607421875000E-002
   1.74585215263823       1.272180175781250E-002
   1.75841224006728       1.271630859375000E-002
   1.77097232749633       1.271081542968750E-002
   1.78353241492538       1.270532226562500E-002
   1.79609250235443       1.269921875000000E-002
   1.80865258978349       1.269311523437500E-002
   1.82121267721254       1.268640136718750E-002
   1.83377276464159       1.267968750000000E-002
   1.84633285207064       1.267297363281250E-002
   1.85889293949969       1.266564941406250E-002
   1.90913328921590       1.263635253906250E-002
   1.92169337664495       1.262902832031250E-002
   1.93425346407401       1.262170410156250E-002
   1.94681355150306       1.261499023437500E-002
   1.95937363893211       1.260827636718750E-002
   1.97193372636116       1.260217285156250E-002
   1.98449381379021       1.259667968750000E-002
   1.99705390121927       1.259240722656250E-002
   2.00961398864832       1.258935546875000E-002
   2.02217407607737       1.258935546875000E-002
   2.03473416350642       1.259362792968750E-002
   2.04729425093548       1.260400390625000E-002
   2.05985433836453       1.235314941406250E-002
   2.07241442579358       1.237451171875000E-002
   2.08497451322263       1.238732910156250E-002
   2.09753460065168       1.239465332031250E-002
   2.11009468808073       1.239831542968750E-002
   2.12265477550979       1.239892578125000E-002
   2.13521486293884       1.239831542968750E-002
   2.14777495036789       1.239648437500000E-002
   2.16033503779694       1.239404296875000E-002
   2.17289512522599       1.239038085937500E-002
   2.18545521265505       1.238610839843750E-002
   2.19801530008410       1.238183593750000E-002
   2.21057538751315       1.237695312500000E-002
   2.22313547494220       1.237207031250000E-002
   2.23569556237125       1.236779785156250E-002
   2.24825564980031       1.236291503906250E-002
   2.26081573722936       1.235925292968750E-002
   2.27337582465841       1.235498046875000E-002
   2.28593591208746       1.235192871093750E-002
   2.29849599951651       1.234887695312500E-002
   2.31105608694557       1.234643554687500E-002
   2.32361617437462       1.234460449218750E-002
   2.33617626180367       1.234338378906250E-002
   2.34873634923272       1.234277343750000E-002
   2.36129643666177       1.234277343750000E-002
   2.37385652409083       1.234277343750000E-002
   2.38641661151988       1.234399414062500E-002
   2.39897669894893       1.234582519531250E-002
   2.41153678637798       1.234826660156250E-002
   2.42409687380703       1.235131835937500E-002
   2.43665696123609       1.235437011718750E-002
   2.44921704866514       1.235803222656250E-002
   2.46177713609419       1.236230468750000E-002
   2.47433722352324       1.236657714843750E-002
   2.48689731095229       1.237145996093750E-002
   2.49945739838135       1.237634277343750E-002
   2.51201748581040       1.238061523437500E-002
   2.52457757323945       1.238549804687500E-002
   2.53713766066850       1.238916015625000E-002
   2.54969774809755       1.239282226562500E-002
   2.56225783552661       1.239587402343750E-002
   2.57481792295566       1.239831542968750E-002
   2.58737801038471       1.239892578125000E-002
   2.59993809781376       1.239831542968750E-002
   2.61249818524281       1.239526367187500E-002
   2.62505827267187       1.238916015625000E-002
   2.63761836010092       1.237756347656250E-002
   2.65017844752997       1.235803222656250E-002
   2.66273853495902       1.260705566406250E-002
   2.67529862238807       1.259484863281250E-002
   2.68785870981713       1.258996582031250E-002
   2.70041879724618       1.258935546875000E-002
   2.71297888467523       1.259179687500000E-002
   2.72553897210428       1.259545898437500E-002
   2.73809905953333       1.260095214843750E-002
   2.75065914696239       1.260705566406250E-002
   2.76321923439144       1.261376953125000E-002
   2.77577932182049       1.262048339843750E-002
   2.78833940924954       1.262780761718750E-002
   2.80089949667859       1.263513183593750E-002
   2.81345958410765       1.264245605468750E-002
   2.85113984639480       1.266442871093750E-002
   2.86369993382385       1.267114257812500E-002
   2.87626002125291       1.267846679687500E-002
   2.88882010868196       1.268518066406250E-002
   2.90138019611101       1.269189453125000E-002
   2.91394028354006       1.269799804687500E-002
   2.92650037096911       1.270410156250000E-002
   2.93906045839817       1.270959472656250E-002
   2.95162054582722       1.271508789062500E-002
   2.96418063325627       1.272058105468750E-002
   2.97674072068532       1.272546386718750E-002
   2.98930080811437       1.273034667968750E-002
   3.00186089554343       1.273461914062500E-002
   3.01442098297248       1.273828125000000E-002
   3.08978150754679       1.275415039062500E-002
   3.10234159497584       1.275598144531250E-002
   3.11490168240489       1.275659179687500E-002
   3.12746176983395       1.275720214843750E-002
   3.14002185726300       1.275781250000000E-002
   3.15258194469205       1.275781250000000E-002
   3.16514203212110       1.275720214843750E-002
   3.17770211955015       1.275598144531250E-002
   3.19026220697921       1.275476074218750E-002
   3.26562273155352       1.273950195312500E-002
   3.27818281898257       1.273522949218750E-002
   3.29074290641162       1.273095703125000E-002
   3.30330299384067       1.272668457031250E-002
   3.31586308126973       1.272180175781250E-002
   3.32842316869878       1.271691894531250E-002
   3.34098325612783       1.271142578125000E-002
   3.35354334355688       1.270532226562500E-002
   3.36610343098593       1.269921875000000E-002
   3.37866351841499       1.269311523437500E-002
   3.39122360584404       1.268701171875000E-002
   3.40378369327309       1.268029785156250E-002
   3.41634378070214       1.267297363281250E-002
   3.42890386813119       1.266625976562500E-002
   3.47914421784740       1.263696289062500E-002
   3.49170430527645       1.262963867187500E-002
   3.50426439270551       1.262231445312500E-002
   3.51682448013456       1.261499023437500E-002
   3.52938456756361       1.260827636718750E-002
   3.54194465499266       1.260217285156250E-002
   3.55450474242171       1.259667968750000E-002
   3.56706482985077       1.259240722656250E-002
   3.57962491727982       1.258996582031250E-002
   3.59218500470887       1.258935546875000E-002
   3.60474509213792       1.259301757812500E-002
   3.61730517956697       1.260339355468750E-002
   3.62986526699603       1.235131835937500E-002
   3.64242535442508       1.237329101562500E-002
   3.65498544185413       1.238671875000000E-002
   3.66754552928318       1.239404296875000E-002
   3.68010561671223       1.239770507812500E-002
   3.69266570414129       1.239892578125000E-002
   3.70522579157034       1.239892578125000E-002
   3.71778587899939       1.239709472656250E-002
   3.73034596642844       1.239404296875000E-002
   3.74290605385749       1.239038085937500E-002
   3.75546614128655       1.238610839843750E-002
   3.76802622871560       1.238183593750000E-002
   3.78058631614465       1.237695312500000E-002
   3.79314640357370       1.237268066406250E-002
   3.80570649100275       1.236779785156250E-002
   3.81826657843181       1.236352539062500E-002
   3.83082666586086       1.235925292968750E-002
   3.84338675328991       1.235559082031250E-002
   3.85594684071896       1.235192871093750E-002
   3.86850692814801       1.234887695312500E-002
   3.88106701557707       1.234643554687500E-002
   3.89362710300612       1.234460449218750E-002
   3.90618719043517       1.234338378906250E-002
   3.91874727786422       1.234277343750000E-002
   3.93130736529327       1.234277343750000E-002
   3.94386745272233       1.234277343750000E-002
   3.95642754015138       1.234399414062500E-002
   3.96898762758043       1.234582519531250E-002
   3.98154771500948       1.234826660156250E-002
   3.99410780243853       1.235070800781250E-002
   4.00666788986759       1.235437011718750E-002
   4.01922797729664       1.235803222656250E-002
   4.03178806472569       1.236230468750000E-002
   4.04434815215474       1.236657714843750E-002
   4.05690823958379       1.237084960937500E-002
   4.06946832701285       1.237573242187500E-002
   4.08202841444190       1.238061523437500E-002
   4.09458850187095       1.238488769531250E-002
   4.10714858930000       1.238916015625000E-002
   4.11970867672905       1.239282226562500E-002
   4.13226876415811       1.239587402343750E-002
   4.14482885158716       1.239831542968750E-002
   4.15738893901621       1.286035156250000E-002
   4.16994902644526       1.239831542968750E-002
   4.18250911387431       1.239587402343750E-002
   4.19506920130337       1.238977050781250E-002
   4.20762928873242       1.237817382812500E-002
   4.22018937616147       1.235925292968750E-002
   4.23274946359052       1.260827636718750E-002
   4.24530955101957       1.259545898437500E-002
   4.25786963844863       1.258996582031250E-002
   4.27042972587768       1.258935546875000E-002
   4.28298981330673       1.259118652343750E-002
   4.29554990073578       1.259545898437500E-002
   4.30810998816483       1.260034179687500E-002
   4.32067007559389       1.260644531250000E-002
   4.33323016302294       1.261315917968750E-002
   4.34579025045199       1.261987304687500E-002
   4.35835033788104       1.262719726562500E-002
   4.37091042531009       1.263452148437500E-002
   4.38347051273915       1.264184570312500E-002
   4.42115077502630       1.266381835937500E-002
   4.43371086245535       1.267114257812500E-002
   4.44627094988441       1.267785644531250E-002
   4.45883103731346       1.268457031250000E-002
   4.47139112474251       1.269128417968750E-002
   4.48395121217156       1.269738769531250E-002
   4.49651129960061       1.270349121093750E-002
   4.50907138702967       1.270959472656250E-002
   4.52163147445872       1.271508789062500E-002
   4.53419156188777       1.271997070312500E-002
   4.54675164931682       1.272546386718749E-002
   4.55931173674587       1.272973632812500E-002
   4.57187182417493       1.273400878906250E-002
   4.58443191160398       1.273828125000000E-002
   4.65979243617829       1.275415039062500E-002
   4.67235252360734       1.275598144531250E-002
   4.68491261103639       1.275659179687500E-002
   4.69747269846544       1.275720214843750E-002
   4.71003278589450       1.275781250000000E-002
   4.72259287332355       1.275781250000000E-002
   4.73515296075260       1.275720214843750E-002
   4.74771304818165       1.275598144531250E-002
   4.76027313561071       1.275476074218750E-002
   4.83563366018502       1.273950195312500E-002
   4.84819374761407       1.273583984375000E-002
   4.86075383504312       1.273156738281250E-002
   4.87331392247217       1.272668457031250E-002
   4.88587400990123       1.272241210937500E-002
   4.89843409733028       1.271691894531250E-002
   4.91099418475933       1.271142578125000E-002
   4.92355427218838       1.270593261718750E-002
   4.93611435961743       1.269982910156250E-002
   4.94867444704649       1.269372558593750E-002
   4.96123453447554       1.268701171875000E-002
   4.97379462190459       1.268029785156250E-002
   4.98635470933364       1.267358398437500E-002
   4.99891479676269       1.266687011718749E-002
   5.04915514647890       1.263757324218750E-002
   5.06171523390795       1.263024902343750E-002
   5.07427532133701       1.262292480468750E-002
   5.08683540876606       1.261560058593750E-002
   5.09939549619511       1.260888671875000E-002
   5.11195558362416       1.260278320312500E-002
   5.12451567105321       1.259729003906250E-002
   5.13707575848226       1.259240722656250E-002
   5.14963584591132       1.258996582031250E-002
   5.16219593334037       1.258935546875000E-002
   5.17475602076942       1.259301757812500E-002
   5.18731610819847       1.260217285156250E-002
   5.19987619562753       1.262048339843750E-002
   5.21243628305658       1.237207031250000E-002
   5.22499637048563       1.238610839843750E-002
   5.23755645791468       1.239404296875000E-002
   5.25011654534373       1.239770507812500E-002
   5.26267663277279       1.239892578125000E-002
   5.27523672020184       1.239892578125000E-002
   5.28779680763089       1.239709472656250E-002
   5.30035689505994       1.239404296875000E-002
   5.31291698248899       1.239038085937500E-002
   5.32547706991804       1.238671875000000E-002
   5.33803715734710       1.238244628906250E-002
   5.35059724477615       1.237756347656250E-002
   5.36315733220520       1.237268066406250E-002
   5.37571741963425       1.236840820312500E-002
   5.38827750706330       1.236352539062500E-002
   5.40083759449236       1.235925292968750E-002
   5.41339768192141       1.235559082031250E-002
   5.42595776935046       1.235192871093750E-002
   5.43851785677951       1.234887695312500E-002
   5.45107794420857       1.234643554687500E-002
   5.46363803163762       1.234460449218750E-002
   5.47619811906667       1.234338378906250E-002
   5.48875820649572       1.234277343750000E-002
   5.50131829392477       1.234277343750000E-002
   5.51387838135383       1.234277343750000E-002
   5.52643846878288       1.234399414062500E-002
   5.53899855621193       1.234582519531250E-002
   5.55155864364098       1.234826660156250E-002
   5.56411873107003       1.235070800781250E-002
   5.57667881849908       1.235375976562500E-002
   5.58923890592814       1.235803222656250E-002
   5.60179899335719       1.236169433593750E-002
   5.61435908078624       1.236596679687500E-002
   5.62691916821529       1.237084960937500E-002
   5.63947925564434       1.237573242187500E-002
   5.65203934307340       1.238000488281250E-002
   5.66459943050245       1.238488769531250E-002
   5.67715951793150       1.238916015625000E-002
   5.68971960536055       1.239282226562500E-002
   5.70227969278961       1.239587402343750E-002
   5.71483978021866       1.239831542968750E-002
   5.72739986764771       1.286340332031250E-002
   5.73995995507676       1.239892578125000E-002
   5.75252004250581       1.239587402343750E-002
   5.76508012993486       1.238977050781250E-002
   5.77764021736392       1.237939453125000E-002
   5.79020030479297       1.236047363281250E-002
   5.80276039222202       1.260888671875000E-002
   5.81532047965107       1.259606933593750E-002
   5.82788056708012       1.259057617187500E-002
   5.84044065450918       1.258935546875000E-002
   5.85300074193823       1.259118652343750E-002
   5.86556082936728       1.259484863281250E-002
   5.87812091679633       1.260034179687500E-002
   5.89068100422538       1.260644531250000E-002
   5.90324109165444       1.261254882812500E-002
   5.91580117908349       1.261987304687500E-002
   5.92836126651254       1.262658691406250E-002
   5.94092135394159       1.263391113281250E-002
   5.95348144137064       1.264123535156250E-002
   5.99116170365780       1.266320800781250E-002
   6.00372179108685       1.267053222656250E-002
   6.01628187851590       1.267724609375000E-002
   6.02884196594496       1.268457031250000E-002
   6.04140205337401       1.269067382812500E-002
   6.05396214080306       1.269738769531250E-002
   6.06652222823211       1.270349121093750E-002
   6.07908231566116       1.270898437500000E-002
   6.09164240309022       1.271447753906250E-002
   6.10420249051927       1.271997070312500E-002
   6.11676257794832       1.272485351562500E-002
   6.12932266537737       1.272973632812500E-002
   6.14188275280642       1.273400878906250E-002
   6.15444284023548       1.273767089843750E-002
   6.16700292766453       1.274133300781250E-002
   6.22980336480979       1.275415039062500E-002
   6.24236345223884       1.275537109375000E-002
   6.25492353966789       1.275659179687500E-002
   6.26748362709694       1.275720214843750E-002
   6.28004371452600       1.275781250000000E-002
